year,round,circuitId,driverId,constructorId,grid,positionOrder
2024,14,13,1,131,3,1
2024,14,13,830,9,11,4
2024,14,13,847,131,6,20
2024,14,13,852,215,20,16
2024,14,13,815,9,2,7
2024,14,13,817,215,13,10
2024,14,13,857,1,5,2
2024,14,13,858,3,18,17
2024,14,13,855,15,19,19
2024,14,13,846,1,4,5
2024,14,13,848,3,10,12
2024,14,13,822,15,14,15
2024,14,13,807,210,16,18
2024,14,13,825,210,17,14
2024,14,13,839,214,9,9
2024,14,13,842,214,12,13
2024,14,13,844,6,1,3
2024,14,13,832,6,7,6
2024,14,13,840,117,15,11
2024,14,13,4,117,8,8
